1.057874, 1.100000, 1.058360, 0.981983, 0.981983, 1.058360, 1.100000, 1.057874, 
1.100000, 0.900000, 0.924141, 0.981270, 0.981270, 0.924141, 0.900000, 1.100000, 
1.058360, 0.924141, 0.979780, 1.005995, 1.005995, 0.979780, 0.924141, 1.058360, 
0.981983, 0.981270, 1.005995, 1.000843, 1.000843, 1.005995, 0.981270, 0.981983, 
0.981983, 0.981270, 1.005995, 1.000843, 1.000843, 1.005995, 0.981270, 0.981983, 
1.058360, 0.924141, 0.979780, 1.005995, 1.005995, 0.979780, 0.924141, 1.058360, 
1.100000, 0.900000, 0.924141, 0.981270, 0.981270, 0.924141, 0.900000, 1.100000, 
1.057874, 1.100000, 1.058360, 0.981983, 0.981983, 1.058360, 1.100000, 1.057874, 
