1.041951, 1.100000, 1.022683, 0.988780, 0.988780, 1.022683, 1.100000, 1.041951, 
1.100000, 0.900000, 0.904390, 0.976098, 0.976098, 0.904390, 0.900000, 1.100000, 
1.022683, 0.904390, 0.986341, 1.011220, 1.011220, 0.986341, 0.904390, 1.022683, 
0.988780, 0.976098, 1.011220, 0.997073, 0.997073, 1.011220, 0.976098, 0.988780, 
0.988780, 0.976098, 1.011220, 0.997073, 0.997073, 1.011220, 0.976098, 0.988780, 
1.022683, 0.904390, 0.986341, 1.011220, 1.011220, 0.986341, 0.904390, 1.022683, 
1.100000, 0.900000, 0.904390, 0.976098, 0.976098, 0.904390, 0.900000, 1.100000, 
1.041951, 1.100000, 1.022683, 0.988780, 0.988780, 1.022683, 1.100000, 1.041951, 
