0.931012, 1.100000, 1.028252, 0.985414, 0.985414, 1.028252, 1.100000, 0.931012, 
1.100000, 0.900000, 0.888699, 0.972011, 0.972011, 0.888699, 0.900000, 1.100000, 
1.028252, 0.888699, 0.986728, 1.012484, 1.012484, 0.986728, 0.888699, 1.028252, 
0.985414, 0.972011, 1.012484, 0.981472, 0.981472, 1.012484, 0.972011, 0.985414, 
0.985414, 0.972011, 1.012484, 0.981472, 0.981472, 1.012484, 0.972011, 0.985414, 
1.028252, 0.888699, 0.986728, 1.012484, 1.012484, 0.986728, 0.888699, 1.028252, 
1.100000, 0.900000, 0.888699, 0.972011, 0.972011, 0.888699, 0.900000, 1.100000, 
0.931012, 1.100000, 1.028252, 0.985414, 0.985414, 1.028252, 1.100000, 0.931012, 
