0.918386, 1.100000, 1.056350, 0.983453, 0.983453, 1.056350, 1.100000, 0.918386, 
1.100000, 0.900000, 0.925536, 0.990398, 0.990398, 0.925536, 0.900000, 1.100000, 
1.056350, 0.925536, 0.976745, 1.006742, 1.006742, 0.976745, 0.925536, 1.056350, 
0.983453, 0.990398, 1.006742, 0.998468, 0.998468, 1.006742, 0.990398, 0.983453, 
0.983453, 0.990398, 1.006742, 0.998468, 0.998468, 1.006742, 0.990398, 0.983453, 
1.056350, 0.925536, 0.976745, 1.006742, 1.006742, 0.976745, 0.925536, 1.056350, 
1.100000, 0.900000, 0.925536, 0.990398, 0.990398, 0.925536, 0.900000, 1.100000, 
0.918386, 1.100000, 1.056350, 0.983453, 0.983453, 1.056350, 1.100000, 0.918386, 
